$ 1 0.000005 10.20027730826997 50 5 50
w 256 96 352 96 0
r 256 96 256 192 0 20000
r 256 192 256 320 0 10000
t 256 192 352 192 0 1 -7.3794999936221775 0.5350334057172597 100
r 352 240 352 320 0 1000
w 256 320 352 320 0
g 256 320 256 352 0
R 256 96 160 96 0 0 40 12 0 0 0.5
O 432 192 496 192 0 0
t 400 176 432 176 0 -1 4.5532549902228245 -0.626920326809163 100
r 352 96 352 176 0 10000
w 352 176 400 176 0
r 432 240 352 240 0 1000
w 352 96 432 96 0
w 352 208 352 240 0
w 432 192 432 240 0
w 432 96 432 160 0
o 2 64 0 4098 5 0.0015625 0 2 2 3
o 8 64 0 4098 10 0.00009765625 1 1
